33 12
#################################
# #   #     # # # # #     #   # #
# ### # # ### # # # ### # # ### #
#       #               #       #
### # # ##### # # # ##### # # ###
      #       #   #       #      
### ### # # # ##### # # # ### ###
#         #   #   #   #         #
# ### # ### # # # # # ### # ### #
#   # #     #       #     # #   #
### # ### # # # # # # # ### # ###
#################################
0 0
7
0 1 18 9 ROCK 0 0
0 0 14 9 ROCK 0 0
1 1 19 10 PAPER 0 0
2 1 4 5 SCISSORS 0 0
2 0 28 5 SCISSORS 0 0
3 1 31 5 ROCK 0 0
3 0 1 5 ROCK 0 0
25
17 9 1
16 9 1
15 9 1
13 9 1
19 9 1
19 8 1
19 7 1
19 6 1
19 5 1
19 4 1
19 3 1
19 2 1
19 1 1
3 5 1
2 5 1
0 5 1
32 5 1
30 5 1
29 5 1
27 5 1
5 5 1
15 1 10
17 1 10
3 3 10
29 3 10
4 1
7
0 1 17 9 ROCK 0 0
0 0 14 9 PAPER 0 9
1 1 19 9 PAPER 0 0
2 1 5 5 SCISSORS 0 0
2 0 28 5 PAPER 0 9
3 1 30 5 ROCK 0 0
3 0 0 5 ROCK 0 0
27
16 9 1
15 9 1
13 9 1
17 8 1
17 7 1
17 10 1
19 8 1
19 7 1
19 6 1
19 5 1
19 4 1
19 3 1
19 2 1
19 1 1
3 5 1
2 5 1
32 5 1
29 5 1
27 5 1
5 4 1
5 3 1
5 2 1
5 1 1
15 1 10
17 1 10
3 3 10
29 3 10
6 3
5
0 1 16 9 ROCK 0 0
0 0 14 9 PAPER 0 8
1 1 18 9 PAPER 0 0
1 0 13 9 PAPER 4 8
2 1 5 4 SCISSORS 0 0
8
15 9 1
5 3 1
5 2 1
5 1 1
15 1 10
17 1 10
3 3 10
29 3 10
7 8
3
0 0 15 9 PAPER 0 7
1 1 17 9 PAPER 0 0
2 1 5 3 SCISSORS 0 0
14
17 8 1
17 7 1
17 10 1
4 3 1
2 3 1
1 3 1
6 3 1
7 3 1
5 2 1
5 1 1
15 1 10
17 1 10
3 3 10
29 3 10
7 12
2
1 1 16 9 PAPER 0 0
2 1 5 3 SCISSORS 0 0
11
4 3 1
2 3 1
1 3 1
6 3 1
7 3 1
5 2 1
5 1 1
15 1 10
17 1 10
3 3 10
29 3 10
7 16
3
0 0 15 7 PAPER 0 5
1 1 15 9 PAPER 0 0
2 1 5 3 SCISSORS 0 0
12
15 10 1
4 3 1
2 3 1
1 3 1
6 3 1
7 3 1
5 2 1
5 1 1
15 1 10
17 1 10
3 3 10
29 3 10
8 20
2
1 1 15 10 PAPER 0 0
2 1 5 3 SCISSORS 0 0
11
4 3 1
2 3 1
1 3 1
6 3 1
7 3 1
5 2 1
5 1 1
15 1 10
17 1 10
3 3 10
29 3 10
8 23
2
1 1 15 10 PAPER 0 0
2 1 5 3 SCISSORS 0 0
11
4 3 1
2 3 1
1 3 1
6 3 1
7 3 1
5 2 1
5 1 1
15 1 10
17 1 10
3 3 10
29 3 10
8 27
2
1 1 15 10 PAPER 0 0
2 1 5 3 SCISSORS 0 0
11
4 3 1
2 3 1
1 3 1
6 3 1
7 3 1
5 2 1
5 1 1
15 1 10
17 1 10
3 3 10
29 3 10
8 39
3
1 1 15 10 PAPER 0 0
2 1 5 3 SCISSORS 0 0
3 0 3 3 PAPER 0 2
10
4 3 1
2 3 1
1 3 1
6 3 1
7 3 1
5 2 1
5 1 1
15 1 10
17 1 10
29 3 10
8 43
3
1 1 15 10 PAPER 0 0
2 1 5 3 SCISSORS 0 0
3 0 2 3 PAPER 0 1
9
4 3 1
1 3 1
6 3 1
7 3 1
5 2 1
5 1 1
15 1 10
17 1 10
29 3 10
8 45
3
1 1 15 10 PAPER 0 0
2 1 5 3 SCISSORS 0 0
3 0 1 3 PAPER 0 0
8
4 3 1
6 3 1
7 3 1
5 2 1
5 1 1
15 1 10
17 1 10
29 3 10
8 46
3
1 1 15 10 PAPER 0 0
2 1 5 3 SCISSORS 0 0
3 0 1 3 ROCK 0 9
8
4 3 1
6 3 1
7 3 1
5 2 1
5 1 1
15 1 10
17 1 10
29 3 10
8 50
2
1 1 15 10 PAPER 0 0
2 1 5 3 SCISSORS 0 0
8
4 3 1
6 3 1
7 3 1
5 2 1
5 1 1
15 1 10
17 1 10
29 3 10
8 55
2
1 1 15 10 PAPER 0 0
2 1 5 3 SCISSORS 0 0
8
4 3 1
6 3 1
7 3 1
5 2 1
5 1 1
15 1 10
17 1 10
29 3 10
8 59
2
1 1 15 10 PAPER 0 0
2 1 5 3 SCISSORS 0 0
8
4 3 1
6 3 1
7 3 1
5 2 1
5 1 1
15 1 10
17 1 10
29 3 10
8 64
3
1 1 15 10 PAPER 0 0
2 1 5 3 SCISSORS 0 0
3 0 1 3 ROCK 0 5
7
4 3 1
6 3 1
5 2 1
5 1 1
15 1 10
17 1 10
29 3 10
8 67
3
1 1 15 10 PAPER 0 0
2 1 5 3 SCISSORS 0 0
3 0 2 3 ROCK 0 4
7
4 3 1
6 3 1
5 2 1
5 1 1
15 1 10
17 1 10
29 3 10
8 70
3
1 1 15 10 PAPER 0 0
2 1 5 3 SCISSORS 0 0
3 0 3 3 ROCK 0 3
7
4 3 1
6 3 1
5 2 1
5 1 1
15 1 10
17 1 10
29 3 10
8 74
3
1 1 15 10 PAPER 0 0
2 1 5 3 SCISSORS 0 0
3 0 4 3 ROCK 0 2
6
6 3 1
5 2 1
5 1 1
15 1 10
17 1 10
29 3 10
8 76
1
1 1 15 10 PAPER 0 0
3
15 1 10
17 1 10
29 3 10